================================================================================
ENHANCED AUDIO EMOTION RECOGNITION - TRAINING LOGS
================================================================================

REPRODUCIBILITY INFORMATION:
----------------------------------------
Random Seed: 1097
Libraries: Python random, NumPy, PyTorch (CPU & GPU)
Deterministic: torch.backends.cudnn.deterministic = True
Benchmark: torch.backends.cudnn.benchmark = False
Note: Results should be reproducible across runs with same environment

MODEL CONFIGURATION:
------------------------------
Architecture: Enhanced CNN with Attention
Total Parameters: 2,514,920
Weight Initialization: He (Kaiming) Normal
Random Seed: 1097
Batch Size: 8
Learning Rate: 0.001
Max Epochs: 100
Optimizer: AdamW
Scheduler: WarmupCosineScheduler
Device: cuda
Data Augmentation: Pitch Shift, Noise, Time Stretch
Class Balancing: Computed Weights
Feature Extraction: MFCC + Delta + Delta-Delta (128x128x3)
Training Data: 3565 samples
Validation Data: 630 samples
Test Data: 741 samples

TRAINING HISTORY:
------------------------------
Epoch  Train Loss   Train Acc   Val Loss   Val Acc   Val F1  
------------------------------------------------------------
1      1.9468       0.2973      1.4591     0.4571    0.3828  
2      1.6784       0.3700      1.3751     0.5000    0.3881  
3      1.5949       0.3955      1.3204     0.4921    0.4222  
4      1.5304       0.4208      1.2884     0.5286    0.4871  
5      1.4674       0.4449      1.2873     0.5254    0.4553  
6      1.4326       0.4623      1.1851     0.6032    0.5170  
7      1.3873       0.4819      1.1120     0.6714    0.5988  
8      1.3450       0.5128      1.0569     0.6810    0.6095  
9      1.2700       0.5231      1.0625     0.6286    0.5356  
10     1.2204       0.5554      0.9759     0.6825    0.6155  
11     1.1840       0.5689      0.9129     0.7111    0.6501  
12     1.1675       0.5764      0.8885     0.6905    0.6642  
13     1.1133       0.6022      0.9237     0.6762    0.6402  
14     1.0862       0.5958      0.8316     0.7254    0.6963  
15     1.0159       0.6325      0.8081     0.7111    0.6754  
16     1.0318       0.6264      0.8205     0.7032    0.6798  
17     0.9665       0.6446      0.7866     0.7190    0.6893  
18     0.9633       0.6348      0.6893     0.7603    0.7327  
19     0.9457       0.6491      0.8010     0.6905    0.6478  
20     0.9346       0.6488      0.6374     0.7698    0.7490  
21     0.8536       0.6903      0.7095     0.7365    0.7089  
22     0.8412       0.6872      0.6031     0.7984    0.7743  
23     0.8288       0.7024      0.6227     0.7905    0.7774  
24     0.8111       0.7049      0.6487     0.7222    0.7077  
25     0.7755       0.7173      0.5461     0.8159    0.8046  
26     0.7329       0.7369      0.5523     0.7714    0.7642  
27     0.7476       0.7231      0.5357     0.8397    0.8245  
28     0.7622       0.7251      0.5282     0.8190    0.8063  
29     0.7024       0.7355      0.4640     0.8603    0.8547  
30     0.6587       0.7568      0.5194     0.8000    0.7953  
31     0.6437       0.7554      0.6175     0.7444    0.7284  
32     0.6429       0.7576      0.4307     0.8556    0.8510  
33     0.6145       0.7683      0.4356     0.8508    0.8383  
34     0.6059       0.7686      0.4204     0.8254    0.8365  
35     0.6134       0.7731      0.3864     0.8571    0.8563  
36     0.5598       0.7975      0.3756     0.8714    0.8698  
37     0.5433       0.7952      0.4363     0.8540    0.8503  
38     0.5587       0.7851      0.3606     0.8794    0.8725  
39     0.5263       0.8020      0.3870     0.8619    0.8513  
40     0.4986       0.8177      0.3770     0.8667    0.8591  
41     0.5046       0.8107      0.3084     0.9032    0.8971  
42     0.4592       0.8317      0.2874     0.9111    0.9096  
43     0.4660       0.8185      0.3147     0.9000    0.8970  
44     0.4174       0.8482      0.3034     0.8921    0.8848  
45     0.4491       0.8415      0.3032     0.9016    0.8947  
46     0.4205       0.8429      0.2839     0.8889    0.8912  
47     0.3982       0.8547      0.3001     0.8810    0.8760  
48     0.3810       0.8617      0.2701     0.9016    0.9041  
49     0.3625       0.8628      0.2736     0.9127    0.9087  
50     0.3536       0.8743      0.2498     0.9032    0.9018  
51     0.3381       0.8847      0.2057     0.9365    0.9336  
52     0.3429       0.8743      0.2464     0.9111    0.9065  
53     0.3382       0.8802      0.2166     0.9254    0.9249  
54     0.3061       0.8889      0.1893     0.9286    0.9245  
55     0.2972       0.8926      0.1924     0.9254    0.9239  
56     0.2946       0.9001      0.2001     0.9254    0.9246  
57     0.2791       0.9043      0.1984     0.9397    0.9368  
58     0.2797       0.9043      0.1801     0.9302    0.9290  
59     0.2560       0.9083      0.1822     0.9222    0.9211  
60     0.2664       0.9102      0.2218     0.9048    0.9068  
61     0.2435       0.9170      0.1519     0.9460    0.9436  
62     0.2320       0.9150      0.1638     0.9460    0.9434  
63     0.2272       0.9189      0.1401     0.9476    0.9453  
64     0.2263       0.9164      0.1377     0.9492    0.9498  
65     0.2136       0.9251      0.1498     0.9397    0.9419  
66     0.2064       0.9302      0.1322     0.9556    0.9563  
67     0.1926       0.9338      0.1367     0.9524    0.9501  
68     0.1793       0.9417      0.1386     0.9492    0.9477  
69     0.1800       0.9355      0.1112     0.9683    0.9679  
70     0.1905       0.9374      0.1399     0.9556    0.9529  
71     0.1747       0.9411      0.1246     0.9635    0.9614  
72     0.1674       0.9481      0.1044     0.9619    0.9607  
73     0.1344       0.9560      0.1234     0.9571    0.9552  
74     0.1427       0.9557      0.1076     0.9603    0.9569  
75     0.1536       0.9498      0.1070     0.9587    0.9571  
76     0.1577       0.9498      0.1094     0.9603    0.9580  
77     0.1223       0.9630      0.1064     0.9667    0.9650  
78     0.1301       0.9593      0.1134     0.9571    0.9554  
79     0.1267       0.9582      0.1018     0.9667    0.9636  

FINAL TEST RESULTS:
------------------------------
Test Accuracy: 0.9622132253711201
Test F1 Score: 0.961967098375756
Best Val F1: 0.9678741613870175
Emotion Coverage: 7
Test Loss: 0.13239166366377025
Total Epochs: 79
Early Stopping: Yes

PERFORMANCE SUMMARY:
------------------------------
🎯 Final Test Accuracy: 0.9622 (96.2%)
🎯 Final Test F1 Score: 0.9620
🎯 Best Validation F1: 0.9679
🎯 Total Epochs Trained: 79
🎯 Emotion Coverage: 7/7
🎉 ALL PERFORMANCE TARGETS ACHIEVED!
